⁵520,

Vopiscus, Flavius 212 . 18.
Valerius, Antias 167 . 38, 245 . 7.

263. 19, 272. 22.

Varius 80. 23, 81. 19, 87. 17, 19, 23, 30,

88. 11, 98, 7, 93. 32, 33, 260. 176111.
Quin tilium Va.rum)

Varro 16 29, 32, 18.15, 46 13, 51. 6.

30; 33. 26, 33, 34. 21, 29,· 55. 6, 17,28,
21, 31, 6128 ,171. 32, 174. 23 201 27,·
21614, 23618, 260 istm ·263. 18,
266 1, 49917, 26.
Vegetiiis 5117 ,17, Α “
Vergerius 133 . 10.

INDEX

Vergilius 1625, 182, 21184621,

“ 488, 51 ,27, 5428, 6123, 6521,

Valerius Maximus 21627 566: 21810,
22132, 2534.- 254.15; 25814

6625, 7123, 73.3, 11, 16, 75’.8 -
scm 76. 15, 81 . 19, 26, 8238,- 83 . 12, ’
8522, 884, 89.8, 9027, 9322,
114,5,·119.9,121.26,122.25,126.8,Ἰ
12922, 1314, 16, 35, 132.1,,,,6,
13328, 139.16; 179,27; 20811
2311. 16, 231. 7, 271. 29, 4974, 6,
498. 5, 499. 2, 27, 587. 11.

Vibius Sequester 233. 211,

Victor R n me ensis 226. 6.

Vic onnus 587 111,

Viu'tr u.v1us3[)2 13 sqq

Xenophon 443 . 8, 461 ,23

 

